$ANSIBLE_VAULT;1.1;AES256
65386131386231343830343036326361633430346466313832626633643937616661303664383733
3366653930653239333134653031373866663538373262380a366363393566663733333862323533
36656135383664626134616135303531623734306338623333656464626536623337346531626661
3666633239643334360a623233303230303764326132643562323035326635616361333331303136
31326461373739613966303134653833666661366239376532633532346665363664663436643966
31343730346662343738343334666234316664323361623136386235353631653433643634626330
33336139623163666561363330396435653634316638333761623230306638663730613037326564
66653761623730613632396166363731396462333166643930346431326164303161653931316465
35353865613532303663633262316632396532643631343931646531303861353165663230633835
62343262356337336432393435383562343836386537313739636434383734653864616464353631
30656432353836336363323462373234303563366636396437326139613766643533386636393130
31646465636636383433646532326439616533333433613438643733343066653965643064353537
36643934623664383834353038376632373061343637343231356664623930323739633265313931
37386631666533373236613234336531633239623964356633313565383534343165313430316133
35326635326362383863333261333165386531363336613965313237343366396264313830366135
38316266333461623735373933363865353333323930333731383337626435633930356634613833
64326432346633636532623462613734653961363936363864656635386438623138386133323562
66396132323636323232633030663466616361353535323162666235613234393436363436656130
30656234326366313531393064343635663761346237326538383137323237623766633237383166
32363737366565646437643335383765653833333061643034323637316537383561373833396131
66643561666330366132303230653635303832356637356532326138656563646632663861356130
34346165313833376566306631396437316136663430653135636434663930316630643238313665
33613264613138386635343464363238336163626336613661333565313763616461653363353736
61343532663030363765363038643462363236643238393261383963323935616637363437336564
63646139393362633965323662393964336463623131336631393563363530343465626438653066
61383039653935613365656231666136626535653539626134643730363936356231383462316566
30633732373432663937316461636636656562303735643561633638636533616237383661663439
37346234373832333039386532376136633336326430656337323563626332626137313365623236
30313536333934303066333732653362346539336466653461353331663764356637386265613362
37656262653937353266636436363932386263313132303639623637316462306330616465326137
39646162346331666439653563343532316133663731303663623365383664353934633638626362
61666633393038626531326631666334656336326363623532626264306238326166373865353631
38393537643036376230376530646339303136343834336439363863616366666534633736363036
35636162363030613333633738646461623461323834316233643964366431613834386531316133
34336163323863643930356462393666663736643832363834656130366237626330326164613762
32663262383163306135623231346534386331343433366237643332653939656137613535646637
35366630626366613635373836653164653936623939663633346431633930316334626462613463
30633237316636346165376431613233363538396263643333663535323665653431363562333262
66613636303261643137363661356437363864343736386132623730373432323164663034376461
36333761383035663136653932633038383138393233366234333764653633656431663464393232
35383338356564383663613664633935653562663166366264626135353766343433393330383037
32343462636533363537633935653230376133373834623162366135633461393039656331366339
65633333303866313435636263386634623534356430343738626337313433666636626331326564
63393239363037323835343836373830366434343861633262626136613965333735383336643165
65373964666261323631336539663966343636313232366430306662356334616539636363643766
35343466303163383164383139323335393334646365653236316232653261663561346232623832
31643033613138373363393432623966333436393062316639656632663465333163326531663465
65316339393862303535343636383761626465313364643562386237323436376134343435616538
31346339386330326665666430306533626330613939666462313536303563383762393862326362
65656634336438653464633234366161383837663534386665623364343166323533386134363236
34616539323734663363336562303338306630326162363733353030303430323139306535353661
64323539383538356234643266633037373235363666386333396235663335643566313838383062
34376663303336616662323065386666616136653062653932323436333262393666303363353139
35626338316564336466343537303564616237353565646434623265656462663863376363373866
66363235633164653133363334353336636364303838366137333730386138376530663934373663
35623236666335303266346365656432646237353064346234313761346362323863303737396366
65646230333165383831613361316265653765336537346464623962373035633033396162393763
39356239363937363939623334646337316133653165376561343164646164316361626435383531
38353566633961326133356165323635633437323465643762633431393332336262643931653961
37346661393863313735636637366536613161306464306536366236313735393761636162376231
66633530643430386630386336666437616561373166306533393865313730306264396434353165
30666463313263663737393161346639393532643232356361616438316162633338666563383865
35306461313833393362656631636463373765393661366139633264626663643232633038316138
61633365313139323263663332383935366638636638303039613532633735326665646164656465
62313430343037643362366336326164393533643666653364333461646239303132653238336462
31346566616563653733366138623134623832613234303338323437373565396331303337623435
37633562323637353364373430623138383165366438343762353632333435306230383366656139
37336331663935356234303865646533383363626166306163396162363632306631333537656138
66306634373433363135316338383966383438353739663766386434303133613630303935323137
39653261313961333766393330393035396432666132656331613261303265626339313765313665
30636666393362306165653039356664343238373563356430613561323233393730633564623062
65323561366437663761633561646537396462396631376666393436373332643062313134343664
35363162343032633039353239343034376238656335373166373861386435323435653731373336
34633861313365663635376665316639326166336231663234396638333566343866313934666665
64373966636632636637356433663730393138313563323462393663626137393166313934616331
35336331653366313238643237383762323439346538613437646365396462343963623762383535
66383636376636386161373863333761346562623935626639313365663636666439316165323038
63343337333065336136656664363537633864313132666535363035396230636134623461306563
66353535326136393735613564333232613166386466613838636438613662636637316165663265
35616565363761636264646562663064373735356536313832393238333039333935323232633363
65613962363065333938656635323864356265363531633230663937393930616663613431333733
30313263373161393965666435373834643366616365616539343434646262323434323763636333
38613534656163366336613564626261616437376238386362343833373638343462616639303536
34626134393430633064663939343031376465376236663238616131303637313466313664613462
31663630336432623736626234373532306530646238646132393866333135653931363630643135
62346261333039316131333739316533303962346338656130333935333239616237303433303933
32373165343236333761356566653336663162353963383262363238333139633032326338353065
32366639393963346539333030646232343462613065613064393337386365623535616264373332
39653135396436643339616561343431623731653533376238393361623631373361333637386239
38646365616531393466376431653635343433643564373839373539326265313738316163643865
61663538663833303036663134326534313366326661313666386166333333323235396434636665
37396235613466386635663561303261613338383534353539656338386633653432396632323133
34643065306430393332653865623933313234333535393665363666666166356366663761633462
63303634323037333264653639326264343237653730636235663765653632366634363266613764
61313935306164353335633162393439336437303039353261653030323030633661336235393532
31656132636535653630336336373637353665313361356136636630636335383961316564346231
65336235303566656465396433623939356463636364626539373530633863396333643264313336
35353330336637303061613930346630633733643431303365353364626566653332323761306430
32623262623539633634323338333030646635386464353664333436663031653330346339323733
39313130373935373438383535643639393738396634656364303662353865616366316536653936
34366139353333303530643030323363666133303631616230633234666262653633633366623637
32326461653061656536323030633038666437623761623437633530616262366461336261333336
34306238363538353461306330366438373964396532383736613238323335653836393261343434
33643938653737383863666638643438393266333733333431616134633964353134336538396461
36353265383363343261383937636533393365653334626661646661626134363938393037306435
30653736386337383237323734633563393465363632313937386565363230373837343462313665
31343534643532396436616239656439636465383339663464333366353830353238626164386430
66646663326236623538613765356238383566303564643965333964613434363264643332316138
65396165333430666638336532623866343938343266326664663438633565393034333437643130
35313831663065333062616634663663386261343539643762343634383333663262616536616631
38393031616339656437636331636536653432626635343230643736316665306665376432383961
37333932383462333233613062353963393532656130316432383638643036376331306535653433
65626234353064383138386430363737373038343265353762306364656435626363303334323963
36323031326563343830396533613238346332376463333433363531656435633266316465636166
34303430663962303532336434633539653463386332376238636536336336386462333261363239
30353337653531643934623135623866333537643266633730313530613562343038393364666264
61336531336165666662366436623735613038373931383030633764333232393735353834323739
63616536393064363138393938613534333031323461363739653630646566333264646532623032
39323062633330663730656230653332333161373331373637616438636536373166643433393362
37323066396261343530616363363236356238363662623339626237386139326131363962383534
31633439613730626630336138303036653863396466376464323363313034346632346465623730
35383230653835616438656538613830333465663934313635646332396333643839353865356237
66303333643131636137376265383235366561376634353865656337383862316465663934376538
64623238633164353532396433393833663166373432373634353861663366613332373266383732
37353364636233356334366432346664643563646438623732393637633833623435343931393261
39616638663566643262646130326166323930373166623664346561356366626662383237656131
33636439643336303661633764383763363733303537353963636566323261343264646263636364
62303734613661643232383834393837653831643539653164623437653433346162333166303661
62636637663338386230623566633236306162306235316365356135333832323931376663656261
61663534336236613936656163316265326330643165386132316263386236363235646263326332
31316338376538623865626530326439633032343937373934396232383539393764393034363961
63353634353365376532643231376335653533306165303335636638313863653137626463323531
34623438306163343038666164366661313432626333353238613764376539633537326530613130
63356337306465633639346162623737653339373834396531306335313032323432323561653339
643437383839393033386639396133373336
