$ANSIBLE_VAULT;1.1;AES256
63376366626239666638633630306462336563633961646430393430363038633632386565633666
6534383130633736373461353964656639636266373436640a636534313633373732633331396462
35623935636564626139653537633435346639393931323164643364303266386566356438623538
6230666535346461630a353934323132323466343436363439666163363838343734636662356262
61343063346266353133636261373434326334363035666561333630653566613366353333376636
39343639623236386562626465646233326630353234653833396361393663626235623235346134
37323638323366666431353436363739643161303532326339613938313866613639363761353063
35393939316137316139633339353430393234326362333636376562333538383364636435646534
36373737333565383134323532633262313439646634626539643134393232636231313532646564
66636331623861373534356566386333316361343430646238623163343831623235396533306630
64353837323333393234336537613231656239636563396662313466363164326232303734366163
38333933336139383633323033613633313034613139326533326137646561653431383565656162
62636235303039316566393235336262306166663531303237636664386234386136623139656462
30616332663162333138343635343965303934363861613734366336623333333836326339663065
39393037646332336235303233626135366237663132323939323236626664303762616463346334
63656536656362626638323164343234323665353862643562346566353361343937656634393235
32303031653965386330303131316263346539636134373634373139323464633632323864666239
37313064663664643235303063333062373836633433303135373461366431616333316532363962
61386334633763323832646230613332313063373636313530366662313333353866663032303937
35613333343063393637393430373936373037613836313864313330336464653438653238663531
32663363383136363963643434343631313661383632623835326539653035663531386633323832
62373239386239396630326562363932643162333930353335323666356561316232393664313537
65353364313433376131613739616264313136663533333039626336643261333937323433363162
38633665376635366232613836383036313839393163643433376635323664323964363837666131
63386636626331326430373736376538363036616666373932376535386162373661613561666463
63336466343063623330323066363131356161313232363038303636643839313537356264386138
33326138633266316438633663613765373031326261316136313035626133356464383436633434
38353063616337373430613439303335613431633762656464613765666162653430623366366537
39343832653761323766393838653838663830306562663335616264323737353334336438613361
64623839653531336564303031623337643839303135653365376438333761303263396438656262
32393634386565313439623664613131366662393465613861363031666230376630366531393736
30386437653431666361376365396430326231336533356337376234313232383437313938316563
65616264356361356332323734343433393362626631386432393632383365316362663836333965
36316536303235656133303337663763623864343639356639386161346263316537653338653737
37363238646164376465323363386237613631333864323932373639666434626334323137643662
66326236353266396166346338343462373835323634656436653366323061356366353363666364
37346466646334383234613964363435333963633032373866303935336533306461623736643933
38666164653931353834643061663461613065613036386433326636383434396662383435346563
65346366353663383536623835663466393662346331313532396665663731323863653439353164
37316136366663376532633865353862336666323766353434346662356231613263306361653630
61623332636566666535323265666132353436633462366530376663333130623061636337343037
65393865643261386132333639623039393733643834656261646630343430353431653436633736
30343838373062303265626165393264393465666163613865396339366461653130396339393933
30353836616536366337666166633837663666663139613062326533656266376633363634386665
65303834663034303061393362643066643330373363343731373162356564396632656130376638
39323237386134316135653365316663616436383238333363363939333634373838333333393632
31636434323032626436646462306162346434396339316265366139613963306438643337373136
65616463306233323637653433383062393331396434663464353839623139616436326335303938
39343437353034393261363164316265396234333039353264353062346532356563656133323130
39366165623837613538636434363866393264303266356162653838653162656636363030323032
31623264326237613461323763366134373161353634643163616637646265346632623461623534
65343066313430316664623533376266613232306639653865383737643032326338663664336631
63376537363065626532303632653432303533656234343332666130643738333830336532656333
30643733393239333730623830373664623533656163353031323039303632306561333737326363
38396639663635643734356230326632653133393936626262643762656365613639373361623563
38363935633331366337313861613331303166373562643366336265353737333861373066643736
61636339323961666163373966626165656234393333633332656535313963386634666264346330
31306633623261383735633639643966366230303461316334373363313130343039333432313734
66626165663335303462326662356538366330656139376563653265623536633462346465323066
32313935323532643539613565383064666139336233646363666133326665383165666238333162
66616261383933616237316137643464646630343935636562383532396561326664353061316538
32366536306435333233346332613938316131326433636431353361626439396465363562306339
31633839626365363332346238393265393565363862313631633430366264623239393964633734
32383166626366616335393065373864383833343930396466376566613262363961383937653332
38326332373230646637366432333833393064303832343061653832663064373635376533363537
62356132366163636336373334626239623063373265613536393431393230393135666139666638
35636461663031353931316538633164316561653138333331393135333863343231643862383863
32633136333464393061663536386134343463356333626636623236383963346633373535663033
32346635623766623233313466346233303332353035393538366334663166343138666632373139
33383038393166363134623936623239626135303333643762303739346265383234303437396161
39613663613839633036393765643230343661663735353433326335326362386162636366316464
66343733303933303135376638656666313838353634633962643434643231326535396462376134
39666137376533313963633165363963383763663434333062623166623135666137663266646262
61353066323765366561376266636435653531316132336436626562616630376432363334323765
61313962303639373230343464643437373961643435383064646333323433396466656238386262
37643932613565393064653665613037373364663865316561353739623839383965323937613133
38626233316266333539633030386161333738353834646431303136383936623131363734303365
63653534316537663235633835353365396339636537616137316463356137616533303535653265
37613437633735613563633466643334303837393331356337653538623334623131373836333162
35616231363631346532303030343661353533313234346630613334666538353262376165393064
65303863633735366165643264326430646239306534363336616665393463376532306636663334
61646638343135653035656331363563616661616262666461363030613534636662333463396562
37376534343562316333636230393230363836613437306265623137303639316364333232306332
30323332373237653962613066316234616433633138366136303539646365336638393433383162
30653733343336666238623365303533306262326631373937393235633231653432346430343631
65326234626133616435653238396339303231613038343465376261393338333233313934633239
35396635386634643731326366613664306638646366346139646364643939316535363836356566
36393861353161643036383035346135653937663239353932616438373563373465363761376131
33663166366534626232663534306336343136363162346138626230363930393639333266303036
65373934366337356330326234656336613838626539626237623761636135666333383964383332
30623332323238396531366263393965346436333738343830323039633061336563363130393838
30643966643266323038373364383331666262393535666139366364623636623837313234306534
66623532666337316435653231343964376533333033316130313364623632623061356237393964
61343463653234373936383534633133373365346239373038306138646663323561373938396162
31336532393837633162616433383134666132373261316339656566616137643831623861353030
32656632353333663161336430356363623335356431633737313631303066363438336662366133
63343832323163346236363032356530636365343939363335326238646165613235343762656265
32333031623462626331656132316566356330303266396265623135346430636262373165346137
30313764653163343962333063363261333232363935323264303866343239363730333362303330
31313336363130636662663534393130636663343035366235306266623733346363343463613062
39383135353432313535303639313631336162373665333639646236386432396563393335326565
33333937363861343830343837623861663261663764353131336161363262336464386431663938
37613835643637643132326431316330633736613561333039343137653039393564313430346534
62343135353339643239363364623738333737393733383632633832343466663964373361373932
38353039343261323861323861386466363432373066656233663663613765653662643536653364
30316431396135323232373966643064356339363165323739313939313665376262346265393061
62653734623662383538373262663762636261336134633063623732346665393665383239626235
65633837363437636434363930366637626565373561386264343963626464313734653830613763
36623834383131303839613331343664626133366265636436356137323135663532363464373936
37303331363431313731613431643433356438376230346561333265656365303032663934313464
63663934626238363565343765643837356566366135323461383331393137393839643934376262
66666564323730336536346263353739333333386436373462303030653536303437303537346461
30393162336132626566633066356164323934343064663566353537656230396230323830383362
37353136376631346230363161303066656230326662366131323062316635303338313661666239
34366335623765643436373265663762313032363066383238663262383637313261303961393837
34356432303234353965616136623064343734613862653362636435383861313762663836656664
32663138616465613566636634336638656363306561303338363934623432646630373833343234
32623439366564363062393736626335626237333136623437373038396334303362386232306362
31376536613335316664626466373337373264386532633436326366363830303365343932623337
32356665666137663237656131623934313339396439306663633934373361346463363530383930
39353735646133323763306161633533666536343166326663343162373535383662366538373035
61346534636431323165656533336537373730313363376264636138633865383735306632326138
34343466336633313930343463396130333565303466636566366631343061643233333864386338
31663765646565626131643963353939373465646432393962633632353762613439626437363239
66646137303734353265376237313131313530363362636662623164363635323364336466336136
31356433373137386361383833666231383866306631333234353735616664663261346663343139
31303732333833356263323031363466393331396530346365643965383935356537366236343131
35373963393164326635326130376565303564336238306630326332396530646164663337376531
63633839376539316234326336653064613234666462636531663964363465376531366166353135
62316237303939353732343737383463303130303736646666656363356132383133633836353238
34313266333633366266646266613262306335343131313430383861373665653632636364353530
36393038313163316234623431653963366638666636343135323932356431656432316663643637
37353165326462393139326230363938663435366466333332386230363134666564343739363732
32363564396336343261653636623533333966316637323930653737643234646564396566333236
32663436616336653435376563326564313564653538373136373961623738356535333938316632
32616536653762373937623836616436363131656631336666323164373135323764323430373961
3334
